1.958346935364842042e+07
0.000000000000000000e+00
-3.326073606990889646e+06
-7.848061520238069817e+06
0.000000000000000000e+00
4.097885919624246191e+06
0.000000000000000000e+00
3.160786631210069638e+06
0.000000000000000000e+00
3.473818703638910782e+06
3.188037700391131802e+05
0.000000000000000000e+00
3.645616091566069517e+05
0.000000000000000000e+00
-1.571037916593452916e+06
0.000000000000000000e+00
2.533654441550729331e+06
0.000000000000000000e+00
-7.851856402758547105e+06
0.000000000000000000e+00
1.696384088599121943e+07
7.384051754613961384e+04
0.000000000000000000e+00
-3.028838512047447730e+05
0.000000000000000000e+00
5.462686509510343894e+05
0.000000000000000000e+00
-1.075425674061050639e+06
0.000000000000000000e+00
-4.192061873021434993e+06
0.000000000000000000e+00
5.409037097576948814e+06
0.000000000000000000e+00
-5.471227294054368511e+06
0.000000000000000000e+00
5.495885933615576476e+06
-2.417503570475029759e+06
0.000000000000000000e+00
3.098829902018170804e+06
0.000000000000000000e+00
-2.980070140220240224e+06
0.000000000000000000e+00
2.244402977560050320e+06
0.000000000000000000e+00
-1.033080535132766468e+06
0.000000000000000000e+00
1.113654367464664858e+06
0.000000000000000000e+00
-9.364584310100752627e+05
0.000000000000000000e+00
5.025537641230658046e+05
0.000000000000000000e+00
1.177399631636831618e+05
0.000000000000000000e+00
-1.286793238697270397e+06
4.521456176725470461e+06
0.000000000000000000e+00
-3.913846033071490005e+06
0.000000000000000000e+00
2.378619863891540561e+06
0.000000000000000000e+00
-4.351394482123880880e+05
0.000000000000000000e+00
-1.573010846205644310e+06
0.000000000000000000e+00
4.733252500983832404e+06
0.000000000000000000e+00
9.025105666182353161e+04
0.000000000000000000e+00
-3.648982332552198932e+04
0.000000000000000000e+00
4.911947642671025278e+03
0.000000000000000000e+00
-1.483682213000267802e+04
0.000000000000000000e+00
7.076079524267415400e+04
0.000000000000000000e+00
-2.242522011327029904e+05
-2.685315962742862292e+06
0.000000000000000000e+00
1.477928993717633421e+06
0.000000000000000000e+00
-1.208814618220178672e+05
0.000000000000000000e+00
-9.865277877643355168e+05
0.000000000000000000e+00
1.628971485088492744e+06
0.000000000000000000e+00
-1.827973900533918291e+06
0.000000000000000000e+00
2.119105027553057298e+06
0.000000000000000000e+00
5.705435442529512802e+05
0.000000000000000000e+00
-1.698946772380571347e+05
0.000000000000000000e+00
-1.864650897618579038e+05
0.000000000000000000e+00
4.162778570288438350e+05
0.000000000000000000e+00
-4.942893370740643004e+05
0.000000000000000000e+00
4.541181639152475400e+05
0.000000000000000000e+00
-4.262028791105287382e+05
3.518747163899854058e+05
0.000000000000000000e+00
6.222158192685623362e+04
0.000000000000000000e+00
-3.610823236090090941e+05
0.000000000000000000e+00
4.825802425659064320e+05
0.000000000000000000e+00
-4.354089233398184297e+05
0.000000000000000000e+00
2.797763160990338074e+05
0.000000000000000000e+00
-9.478880288634380850e+04
0.000000000000000000e+00
-6.927933324069259106e+04
0.000000000000000000e+00
-1.932791381432888738e+05
0.000000000000000000e+00
-4.434041039954167791e+05
0.000000000000000000e+00
7.599249419925560942e+05
0.000000000000000000e+00
-7.547538926051439485e+05
0.000000000000000000e+00
5.340594143230078043e+05
0.000000000000000000e+00
-2.510287465364380623e+05
0.000000000000000000e+00
4.468396506819195201e+04
0.000000000000000000e+00
-3.260588190801244127e+04
5.143260382609935914e+04
0.000000000000000000e+00
-1.894207092896193717e+04
0.000000000000000000e+00
5.597129192758569616e+02
0.000000000000000000e+00
6.085673782870161631e+03
0.000000000000000000e+00
-7.452223682761259624e+03
0.000000000000000000e+00
8.645319316613298724e+03
0.000000000000000000e+00
-9.487570560136213317e+03
0.000000000000000000e+00
3.462044849186386273e+03
0.000000000000000000e+00
-4.071693158166048233e+05
0.000000000000000000e+00
6.155815438697121572e+05
0.000000000000000000e+00
-5.629830008084498113e+05
0.000000000000000000e+00
3.577231286830716417e+05
0.000000000000000000e+00
-1.350135283929425350e+05
0.000000000000000000e+00
8.437662495919172443e+02
0.000000000000000000e+00
-7.470885466465388163e+02
-2.298008426337607671e+04
0.000000000000000000e+00
6.056364421524766658e+04
0.000000000000000000e+00
-7.074624006706716318e+04
0.000000000000000000e+00
5.751808545392016094e+04
0.000000000000000000e+00
-3.289446226692340861e+04
0.000000000000000000e+00
1.162669493481383506e+04
0.000000000000000000e+00
-5.214171518566806299e+03
0.000000000000000000e+00
2.385578269785708399e+05
0.000000000000000000e+00
-1.993716262022303417e+05
0.000000000000000000e+00
1.121679156878341455e+05
0.000000000000000000e+00
-2.959178847112647054e+04
0.000000000000000000e+00
-1.224674721996513472e+04
0.000000000000000000e+00
4.656512179710283817e+03
2.104079146738791605e+05
0.000000000000000000e+00
-2.034652711362222035e+05
0.000000000000000000e+00
1.373939601332196908e+05
0.000000000000000000e+00
-6.061732944442474400e+04
0.000000000000000000e+00
1.144009306213546188e+04
0.000000000000000000e+00
-4.759399939733772953e+03
0.000000000000000000e+00
-2.346436127451734137e+03
0.000000000000000000e+00
-4.926587151868612636e+03
0.000000000000000000e+00
8.074710477588327194e+03
0.000000000000000000e+00
-6.935969213643726107e+03
0.000000000000000000e+00
2.574840962230209698e+03
-1.718195809517562739e+05
0.000000000000000000e+00
1.075012164243985899e+05
0.000000000000000000e+00
-4.077181122347856581e+04
0.000000000000000000e+00
2.631552269937614710e+03
0.000000000000000000e+00
-1.168215699135063005e+03
0.000000000000000000e+00
-1.638137836759047332e+03
0.000000000000000000e+00
4.150105647118169827e+01
0.000000000000000000e+00
3.305005480270640987e+02
0.000000000000000000e+00
-1.963206525277621495e+02
3.674048124173474207e+04
0.000000000000000000e+00
-1.087591805267168093e+04
0.000000000000000000e+00
-2.117089760113162811e+03
0.000000000000000000e+00
7.419874276444530778e+02
0.000000000000000000e+00
-8.315095673072170030e+03
0.000000000000000000e+00
1.925034695378160905e+03
0.000000000000000000e+00
-7.772544209191761411e+02
1.027801374064495121e+03
0.000000000000000000e+00
-1.628126412574208871e+03
0.000000000000000000e+00
5.998362077698424173e+02
0.000000000000000000e+00
6.129752055613523680e+02
0.000000000000000000e+00
-2.538951592305265308e+02
-3.472034732272906012e+02
0.000000000000000000e+00
1.292062782066543036e+02
0.000000000000000000e+00
1.051323432181836814e+01
1.941215146981300776e+01
