1.958346935364838690e+07
0.000000000000000000e+00
-3.326073606990888715e+06
-7.848061520238053985e+06
0.000000000000000000e+00
4.097885919624232221e+06
0.000000000000000000e+00
3.160786631210067775e+06
0.000000000000000000e+00
3.473818703638922423e+06
3.188037700391106773e+05
0.000000000000000000e+00
3.645616091566074756e+05
0.000000000000000000e+00
-1.571037916593453381e+06
0.000000000000000000e+00
2.533654441550735850e+06
0.000000000000000000e+00
-7.851856402758551762e+06
0.000000000000000000e+00
1.696384088599122316e+07
7.384051754614015226e+04
0.000000000000000000e+00
-3.028838512047466356e+05
0.000000000000000000e+00
5.462686509510370670e+05
0.000000000000000000e+00
-1.075425674061057158e+06
0.000000000000000000e+00
-4.192061873021437787e+06
0.000000000000000000e+00
5.409037097576950677e+06
0.000000000000000000e+00
-5.471227294054366648e+06
0.000000000000000000e+00
5.495885933615572751e+06
-2.417503570475037210e+06
0.000000000000000000e+00
3.098829902018179186e+06
0.000000000000000000e+00
-2.980070140220247675e+06
0.000000000000000000e+00
2.244402977560054976e+06
0.000000000000000000e+00
-1.033080535132763907e+06
0.000000000000000000e+00
1.113654367464662064e+06
0.000000000000000000e+00
-9.364584310100730509e+05
0.000000000000000000e+00
5.025537641230638837e+05
0.000000000000000000e+00
1.177399631636845443e+05
0.000000000000000000e+00
-1.286793238697270164e+06
4.521456176725476049e+06
0.000000000000000000e+00
-3.913846033071492799e+06
0.000000000000000000e+00
2.378619863891541492e+06
0.000000000000000000e+00
-4.351394482123850030e+05
0.000000000000000000e+00
-1.573010846205649897e+06
0.000000000000000000e+00
4.733252500983836129e+06
0.000000000000000000e+00
9.025105666182322602e+04
0.000000000000000000e+00
-3.648982332552166918e+04
0.000000000000000000e+00
4.911947642670837013e+03
0.000000000000000000e+00
-1.483682213000265801e+04
0.000000000000000000e+00
7.076079524267447414e+04
0.000000000000000000e+00
-2.242522011327037471e+05
-2.685315962742861360e+06
0.000000000000000000e+00
1.477928993717633653e+06
0.000000000000000000e+00
-1.208814618220156844e+05
0.000000000000000000e+00
-9.865277877643393585e+05
0.000000000000000000e+00
1.628971485088495538e+06
0.000000000000000000e+00
-1.827973900533922715e+06
0.000000000000000000e+00
2.119105027553062886e+06
0.000000000000000000e+00
5.705435442529525608e+05
0.000000000000000000e+00
-1.698946772380568436e+05
0.000000000000000000e+00
-1.864650897618591844e+05
0.000000000000000000e+00
4.162778570288458723e+05
0.000000000000000000e+00
-4.942893370740665123e+05
0.000000000000000000e+00
4.541181639152499847e+05
0.000000000000000000e+00
-4.262028791105313576e+05
3.518747163899848238e+05
0.000000000000000000e+00
6.222158192685706308e+04
0.000000000000000000e+00
-3.610823236090096761e+05
0.000000000000000000e+00
4.825802425659070141e+05
0.000000000000000000e+00
-4.354089233398191282e+05
0.000000000000000000e+00
2.797763160990342731e+05
0.000000000000000000e+00
-9.478880288634472527e+04
0.000000000000000000e+00
-6.927933324069001537e+04
0.000000000000000000e+00
-1.932791381432881753e+05
0.000000000000000000e+00
-4.434041039954193984e+05
0.000000000000000000e+00
7.599249419925593538e+05
0.000000000000000000e+00
-7.547538926051470917e+05
0.000000000000000000e+00
5.340594143230116460e+05
0.000000000000000000e+00
-2.510287465364402451e+05
0.000000000000000000e+00
4.468396506819391652e+04
0.000000000000000000e+00
-3.260588190801642122e+04
5.143260382609936642e+04
0.000000000000000000e+00
-1.894207092896171162e+04
0.000000000000000000e+00
5.597129192756609655e+02
0.000000000000000000e+00
6.085673782870238028e+03
0.000000000000000000e+00
-7.452223682761220516e+03
0.000000000000000000e+00
8.645319316613145929e+03
0.000000000000000000e+00
-9.487570560136016866e+03
0.000000000000000000e+00
3.462044849186148440e+03
0.000000000000000000e+00
-4.071693158166063367e+05
0.000000000000000000e+00
6.155815438697146019e+05
0.000000000000000000e+00
-5.629830008084517904e+05
0.000000000000000000e+00
3.577231286830735626e+05
0.000000000000000000e+00
-1.350135283929435827e+05
0.000000000000000000e+00
8.437662495931207332e+02
0.000000000000000000e+00
-7.470885466480758623e+02
-2.298008426337639685e+04
0.000000000000000000e+00
6.056364421524829959e+04
0.000000000000000000e+00
-7.074624006706774526e+04
0.000000000000000000e+00
5.751808545392063388e+04
0.000000000000000000e+00
-3.289446226692375058e+04
0.000000000000000000e+00
1.162669493481401514e+04
0.000000000000000000e+00
-5.214171518566943632e+03
0.000000000000000000e+00
2.385578269785715675e+05
0.000000000000000000e+00
-1.993716262022311275e+05
0.000000000000000000e+00
1.121679156878347712e+05
0.000000000000000000e+00
-2.959178847112695075e+04
0.000000000000000000e+00
-1.224674721996464541e+04
0.000000000000000000e+00
4.656512179709723569e+03
2.104079146738804993e+05
0.000000000000000000e+00
-2.034652711362231639e+05
0.000000000000000000e+00
1.373939601332205348e+05
0.000000000000000000e+00
-6.061732944442523149e+04
0.000000000000000000e+00
1.144009306213580930e+04
0.000000000000000000e+00
-4.759399939734144937e+03
0.000000000000000000e+00
-2.346436127451828725e+03
0.000000000000000000e+00
-4.926587151868516230e+03
0.000000000000000000e+00
8.074710477588231697e+03
0.000000000000000000e+00
-6.935969213643646981e+03
0.000000000000000000e+00
2.574840962230131936e+03
-1.718195809517573507e+05
0.000000000000000000e+00
1.075012164243991865e+05
0.000000000000000000e+00
-4.077181122347893688e+04
0.000000000000000000e+00
2.631552269937934852e+03
0.000000000000000000e+00
-1.168215699135394289e+03
0.000000000000000000e+00
-1.638137836758968888e+03
0.000000000000000000e+00
4.150105647113539220e+01
0.000000000000000000e+00
3.305005480270816633e+02
0.000000000000000000e+00
-1.963206525277632295e+02
3.674048124173505494e+04
0.000000000000000000e+00
-1.087591805267190284e+04
0.000000000000000000e+00
-2.117089760113021839e+03
0.000000000000000000e+00
7.419874276443122199e+02
0.000000000000000000e+00
-8.315095673072248246e+03
0.000000000000000000e+00
1.925034695378201377e+03
0.000000000000000000e+00
-7.772544209192145672e+02
1.027801374064423044e+03
0.000000000000000000e+00
-1.628126412574177493e+03
0.000000000000000000e+00
5.998362077698175199e+02
0.000000000000000000e+00
6.129752055613818129e+02
0.000000000000000000e+00
-2.538951592305565441e+02
-3.472034732272889528e+02
0.000000000000000000e+00
1.292062782066554689e+02
0.000000000000000000e+00
1.051323432181228945e+01
1.941215146981343764e+01
